1 0.5375 0.55859375 0.03046875 0.01171875
5 0.5390625 0.55625 0.02734375 0.00546875
1 0.64140625 0.2421875 0.0953125 0.1015625
18 0.6546875 0.3734375 0.04765625 0.0828125
13 0.65625 0.51953125 0.0359375 0.6328125
13 0.1890625 0.61640625 0.01796875 0.2546875
5 0.64609375 0.21171875 0.08515625 0.015625
5 0.646875 0.2609375 0.08359375 0.0109375
5 0.65078125 0.440625 0.103125 0.0125
13 0.5359375 0.63671875 0.00859375 0.1703125
12 0.51875 0.6109375 0.034375 0.07421875
5 0.53828125 0.58515625 0.0265625 0.0046875
5 0.7265625 0.575 0.01328125 0.0125
13 0.728125 0.6421875 0.009375 0.13984375
5 0.5359375 0.59453125 0.01171875 0.00703125
13 0.51015625 0.65703125 0.003125 0.10078125
13 0.42734375 0.65625 0.00625 0.1109375
13 0.3828125 0.66640625 0.0046875 0.10859375
13 0.44296875 0.6640625 0.003125 0.08046875
13 0.45234375 0.6703125 0.003125 0.06171875
1 0.4296875 0.603125 0.01796875 0.0109375
5 0.4296875 0.6015625 0.01953125 0.003125
5 0.42890625 0.6234375 0.0171875 0.003125
5 0.453125 0.64296875 0.009375 0.00234375
5 0.453125 0.640625 0.01015625 0.00234375