1 0.33125 0.50859375 0.08984375 0.01796875
0 0.5515625 0.2796875 0.0546875 0.0734375
5 0.503125 0.21796875 0.15625 0.0265625
5 0.50859375 0.41640625 0.16875 0.0203125
5 0.33125 0.51171875 0.08984375 0.0109375
5 0.33203125 0.61484375 0.0921875 0.00703125
12 0.26328125 0.64140625 0.13046875 0.046875
13 0.509375 0.59921875 0.0375 0.8015625
13 0.33515625 0.728125 0.0203125 0.44140625
2 0.43828125 0.41015625 0.025 0.05859375
2 0.48828125 0.4125 0.02421875 0.05546875
2 0.55078125 0.415625 0.03046875 0.05625
1 0.5078125 0.2171875 0.17421875 0.0578125
13 0.221875 0.80546875 0.00546875 0.16015625
13 0.1984375 0.84921875 0.00390625 0.1265625
13 0.0375 0.8390625 0.0109375 0.10234375
12 0.19375 0.784375 0.05390625 0.0171875
1 0.22109375 0.72578125 0.03515625 0.00625
5 0.22109375 0.728125 0.0359375 0.003125