18 0.4625 0.33046875 0.10546875 0.140625
5 0.478125 0.11796875 0.10859375 0.034375
5 0.48046875 0.175 0.18203125 0.05390625
5 0.48671875 0.41484375 0.23203125 0.03671875
2 0.5859375 0.42265625 0.025 0.0296875
2 0.5546875 0.425 0.0296875 0.03046875
2 0.43359375 0.43515625 0.02890625 0.02734375
4 0.47890625 0.5515625 0.0453125 0.8921875
1 0.48046875 0.165625 0.18125 0.1375
13 0.67421875 0.7671875 0.01484375 0.10703125
13 0.696875 0.7375 0.01171875 0.10703125
13 0.71015625 0.75 0.0078125 0.08046875