18 0.51875 0.37734375 0.0515625 0.0828125
18 0.12109375 0.4453125 0.04296875 0.06015625
11 0.490625 0.35859375 0.021875 0.35859375
11 0.1359375 0.39921875 0.025 0.20078125
0 0.49375 0.24140625 0.08515625 0.06328125
0 0.79765625 0.4578125 0.0328125 0.021875
18 0.8140625 0.4984375 0.02578125 0.02890625
11 0.80078125 0.4953125 0.0109375 0.06640625
11 0.03515625 0.37734375 0.0234375 0.2078125
1 0.46328125 0.2015625 0.04296875 0.04765625
11 0.39609375 0.32890625 0.02421875 0.40859375
1 0.1421875 0.3359375 0.07265625 0.06484375