1 0.7 0.4765625 0.0625 0.01875
18 0.48203125 0.38984375 0.0921875 0.06328125
13 0.484375 0.48203125 0.05234375 0.57890625
5 0.47265625 0.20859375 0.171875 0.0421875
5 0.46171875 0.25625 0.1171875 0.021875
5 0.49375 0.45390625 0.2203125 0.0265625
5 0.48046875 0.44921875 0.23828125 0.03125
5 0.6984375 0.48125 0.04140625 0.00625
5 0.7 0.5234375 0.09609375 0.009375
5 0.76015625 0.5109375 0.059375 0.00625
13 0.70625 0.578125 0.0203125 0.221875
13 0.7640625 0.5875 0.02265625 0.16875
1 0.46875 0.23203125 0.159375 0.109375