1 0.16328125 0.8 0.02109375 0.00546875
1 0.53125 0.17578125 0.175 0.16953125
18 0.51171875 0.42578125 0.0640625 0.12109375
5 0.546875 0.49296875 0.24921875 0.05859375
2 0.44140625 0.484375 0.05390625 0.0453125
2 0.475 0.50078125 0.04296875 0.02109375
2 0.6203125 0.51640625 0.04609375 0.03828125
3 0.5328125 0.5515625 0.03046875 0.02578125
5 0.52734375 0.12734375 0.16015625 0.0703125
5 0.52421875 0.23046875 0.16328125 0.06015625
13 0.5640625 0.5390625 0.115625 0.921875
13 0.21328125 0.79375 0.01796875 0.28828125
5 0.21796875 0.7015625 0.04375 0.0078125
5 0.21640625 0.7203125 0.0421875 0.00546875
5 0.21484375 0.753125 0.046875 0.0046875
5 0.2140625 0.7703125 0.04375 0.0046875
12 0.18046875 0.76328125 0.0625 0.08359375
12 0.14609375 0.82734375 0.03046875 0.040625
13 0.1625 0.81328125 0.00546875 0.0671875
5 0.16328125 0.80078125 0.02109375 0.003125
5 0.1625 0.81875 0.021875 0.003125
1 0.21796875 0.709375 0.04609375 0.03203125
5 0.565625 0.475 0.259375 0.06328125
5 0.103125 0.84296875 0.01953125 0.00234375
13 0.1015625 0.871875 0.00859375 0.08984375
5 0.103125 0.84921875 0.01171875 0.00234375