1 0.503125 0.21484375 0.22578125 0.025
0 0.5140625 0.16484375 0.07578125 0.0578125
5 0.5046875 0.21171875 0.21640625 0.0125
5 0.51171875 0.32734375 0.16640625 0.01328125
5 0.33125 0.5171875 0.10546875 0.00625
5 0.3296875 0.56484375 0.08359375 0.0078125
12 0.253125 0.6109375 0.1421875 0.1140625
12 0.3515625 0.41640625 0.3359375 0.2484375
13 0.5359375 0.56875 0.07734375 0.75703125
13 0.32421875 0.68125 0.02421875 0.3390625
17 0.92421875 0.63203125 0.09375 0.12265625
17 0.9234375 0.746875 0.0796875 0.0921875
11 0.92265625 0.76875 0.06171875 0.4625
1 0.33046875 0.515625 0.10859375 0.01171875
5 0.25546875 0.6296875 0.059375 0.00625
12 0.1921875 0.6609375 0.03984375 0.0109375
13 0.25703125 0.64140625 0.00703125 0.03046875