1 0.4828125 0.22265625 0.11796875 0.09765625
18 0.4671875 0.359375 0.06171875 0.07421875
4 0.4796875 0.509375 0.03046875 0.65234375
5 0.48515625 0.2015625 0.075 0.02265625
5 0.48046875 0.23984375 0.12109375 0.028125
5 0.490625 0.4359375 0.13828125 0.02578125
12 0.571875 0.41015625 0.0390625 0.02265625
2 0.54921875 0.44140625 0.02734375 0.021875
2 0.45234375 0.45078125 0.03359375 0.02109375
5 0.77890625 0.54921875 0.034375 0.00625
13 0.7796875 0.58125 0.00546875 0.0796875
12 0.79453125 0.5953125 0.028125 0.00625
13 0.83125 0.60390625 0.00546875 0.06875
13 0.84453125 0.60859375 0.00625 0.084375
13 0.853125 0.61484375 0.00625 0.06484375