18 0.52421875 0.32421875 0.15 0.103125
5 0.4953125 0.33515625 0.33125 0.0203125
5 0.5125 0.0640625 0.25078125 0.05703125
5 0.5234375 0.17265625 0.20703125 0.05390625
5 0.796875 0.42265625 0.1 0.00859375
4 0.49609375 0.45546875 0.0640625 0.83515625
2 0.634375 0.3515625 0.04140625 0.034375
2 0.59765625 0.353125 0.03671875 0.0375
2 0.4015625 0.3546875 0.03359375 0.02890625
13 0.8 0.5765625 0.01796875 0.309375
5 0.7984375 0.4921875 0.075 0.00625
12 0.8671875 0.5234375 0.1265625 0.09765625
1 0.51484375 0.10859375 0.24296875 0.16875
1 0.79609375 0.45703125 0.103125 0.08671875