1 0.4375 0.30625 0.0671875 0.05625
18 0.4296875 0.39453125 0.0359375 0.0546875
5 0.434375 0.28359375 0.05859375 0.009375
5 0.4359375 0.315625 0.0625 0.0109375
5 0.4359375 0.4390625 0.07421875 0.0078125
13 0.434375 0.4875 0.0125 0.4234375
5 0.53359375 0.46953125 0.0265625 0.0046875
1 0.53359375 0.46875 0.0265625 0.0109375
5 0.53359375 0.50390625 0.0265625 0.0046875
13 0.53359375 0.55625 0.00390625 0.18125
13 0.52109375 0.54453125 0.0046875 0.1625
13 0.34375 0.509375 0.0046875 0.11640625
13 0.659375 0.5234375 0.003125 0.06640625
13 0.6765625 0.5015625 0.0046875 0.084375
13 0.69140625 0.58515625 0.00546875 0.1046875
13 0.23515625 0.5265625 0.00390625 0.07890625
5 0.3375 0.48515625 0.01640625 0.00390625
5 0.3421875 0.5 0.0109375 0.00390625