1 0.0921875 0.46640625 0.109375 0.025
1 0.5421875 0.1359375 0.165625 0.16953125
18 0.49140625 0.33359375 0.08203125 0.1046875
4 0.53671875 0.5296875 0.0546875 0.89609375
13 0.06640625 0.6640625 0.06015625 0.40625
5 0.56328125 0.38359375 0.15 0.08515625
5 0.52890625 0.165625 0.1390625 0.08515625
5 0.0921875 0.46953125 0.1125 0.02109375
5 0.0796875 0.52265625 0.084375 0.01796875
5 0.54140625 0.1015625 0.0828125 0.0625
12 0.29609375 0.62734375 0.059375 0.03203125
12 0.575 0.67265625 0.03515625 0.01640625
11 0.46484375 0.74765625 0.00703125 0.14453125