1 0.89921875 0.4265625 0.08671875 0.0234375
1 0.55703125 0.240625 0.21875 0.175
18 0.51640625 0.3796875 0.11796875 0.1203125
5 0.5390625 0.1875 0.14140625 0.03984375
5 0.559375 0.290625 0.2015625 0.04453125
5 0.5625 0.421875 0.25390625 0.0390625
5 0.9 0.434375 0.059375 0.0078125
5 0.9046875 0.496875 0.109375 0.015625
2 0.6828125 0.4265625 0.0484375 0.02890625
2 0.65078125 0.43125 0.02578125 0.03046875
2 0.49921875 0.446875 0.06328125 0.01953125
2 0.440625 0.44375 0.03828125 0.01640625
4 0.559375 0.5 0.0546875 0.6375
13 0.91171875 0.57421875 0.028125 0.28984375
5 0.9828125 0.5375 0.034375 0.009375
5 0.98203125 0.55078125 0.0359375 0.0046875
5 0.98671875 0.57109375 0.0265625 0.0078125
5 0.9859375 0.58515625 0.028125 0.00546875