1 0.51875 0.2796875 0.2171875 0.1296875
1 0.1265625 0.57109375 0.04765625 0.0171875
18 0.5203125 0.44609375 0.096875 0.08828125
5 0.51640625 0.24921875 0.18125 0.04375
5 0.51875 0.31328125 0.18515625 0.0421875
5 0.53359375 0.46328125 0.2921875 0.03984375
5 0.1265625 0.57578125 0.04609375 0.00546875
5 0.115625 0.63359375 0.05 0.01328125
5 0.02578125 0.66484375 0.0203125 0.00390625
5 0.02578125 0.68203125 0.03203125 0.00390625
13 0.5390625 0.584375 0.05390625 0.7078125
13 0.12109375 0.675 0.0171875 0.203125
13 0.065625 0.70078125 0.01484375 0.1375
13 0.025 0.7078125 0.00703125 0.0859375
12 0.06015625 0.61171875 0.11953125 0.05234375