1 0.46875 0.20546875 0.21484375 0.08515625
0 0.47421875 0.1625 0.06796875 0.071875
12 0.62578125 0.428125 0.325 0.325
12 0.803125 0.79375 0.07421875 0.08359375
5 0.47578125 0.20390625 0.19296875 0.04296875
5 0.4734375 0.33125 0.146875 0.034375
5 0.75625 0.71953125 0.0578125 0.00703125
5 0.76328125 0.77890625 0.0453125 0.00625
5 0.796875 0.81796875 0.0421875 0.003125
13 0.45 0.603125 0.07734375 0.79375
13 0.765625 0.85 0.02421875 0.26640625
11 0.63984375 0.91171875 0.0109375 0.1765625
17 0.63671875 0.8703125 0.0265625 0.05
17 0.65 0.915625 0.01171875 0.034375
1 0.75625 0.71796875 0.0609375 0.01171875
5 0.7578125 0.73984375 0.01953125 0.00703125
11 0.97421875 0.896875 0.01015625 0.06015625
12 0.9515625 0.8640625 0.0390625 0.01328125