4 0.6015625 0.5203125 0.2203125 0.95859375
1 0.53515625 0.09765625 0.31796875 0.17109375
18 0.5421875 0.35546875 0.14296875 0.1109375
2 0.75625 0.4125 0.125 0.1015625
2 0.68515625 0.4234375 0.0765625 0.0546875
2 0.39609375 0.42890625 0.07890625 0.05625
2 0.4671875 0.41328125 0.0609375 0.0703125
12 0.34765625 0.37734375 0.06328125 0.02734375
5 0.51171875 0.14453125 0.29453125 0.02578125
5 0.5078125 0.0671875 0.1484375 0.01484375
5 0.58203125 0.39375 0.39453125 0.0203125
13 0.090625 0.83984375 0.01328125 0.2046875
13 0.0359375 0.87109375 0.0046875 0.0890625
13 0.05859375 0.86953125 0.00703125 0.10546875
13 0.01875 0.8703125 0.003125 0.03515625
5 0.05859375 0.83984375 0.0328125 0.00234375
5 0.0609375 0.8171875 0.01484375 0.0015625
1 0.08828125 0.74765625 0.0375 0.021875
5 0.08671875 0.7421875 0.034375 0.00234375
5 0.0890625 0.75703125 0.025 0.00234375
5 0.0859375 0.7890625 0.04140625 0.003125
5 0.08828125 0.8 0.01953125 0.00390625
5 0.0859375 0.8109375 0.03671875 0.00234375