1 0.06484375 0.940625 0.12890625 0.09453125
0 0.5234375 0.2734375 0.0828125 0.0875
5 0.52265625 0.31796875 0.25234375 0.07890625
5 0.49140625 0.56328125 0.29296875 0.0671875
2 0.36640625 0.5578125 0.04609375 0.028125
2 0.5515625 0.5921875 0.046875 0.02421875
12 0.384375 0.65 0.19921875 0.05625
5 0.06875 0.90546875 0.11015625 0.0234375
5 0.05703125 0.978125 0.1140625 0.0109375
13 0.06171875 0.94921875 0.0296875 0.1015625
13 0.50703125 0.6578125 0.05546875 0.68125
1 0.5328125 0.30234375 0.2828125 0.140625