1 0.48203125 0.18984375 0.1046875 0.16953125
18 0.4328125 0.328125 0.05625 0.07734375
5 0.49921875 0.1640625 0.01875 0.115625
5 0.46640625 0.1953125 0.02109375 0.06328125
13 0.4546875 0.45625 0.08046875 0.59375
13 0.40703125 0.55625 0.03671875 0.29296875
3 0.484375 0.37890625 0.03515625 0.0203125
3 0.446875 0.378125 0.0265625 0.021875
2 0.4890625 0.325 0.0625 0.00703125
2 0.40078125 0.3234375 0.053125 0.00625
2 0.49921875 0.34609375 0.06640625 0.01015625
2 0.42578125 0.39453125 0.05859375 0.0078125
2 0.41171875 0.34453125 0.04921875 0.00703125
5 0.446875 0.34609375 0.03203125 0.06171875