18 0.51484375 0.40546875 0.0859375 0.0859375
4 0.58203125 0.5609375 0.06953125 0.72421875
4 0.02421875 0.65546875 0.0484375 0.33046875
11 0.16484375 0.76015625 0.02421875 0.32890625
11 0.02890625 0.7578125 0.0265625 0.25234375
17 0.13828125 0.653125 0.04609375 0.078125
17 0.11484375 0.73359375 0.02734375 0.028125
17 0.14375 0.70234375 0.021875 0.025
17 0.02578125 0.72734375 0.03203125 0.03046875
11 0.125 0.7796875 0.01796875 0.17265625
5 0.034375 0.48984375 0.034375 0.0203125
5 0.0265625 0.5453125 0.028125 0.01953125
5 0.55390625 0.2 0.10234375 0.06328125
5 0.55078125 0.26875 0.1328125 0.0546875
5 0.58828125 0.453125 0.1578125 0.0421875
1 0.5515625 0.2328125 0.128125 0.13203125