1 0.5046875 0.09453125 0.1984375 0.109375
18 0.509375 0.303125 0.1 0.0828125
4 0.50078125 0.475 0.04453125 0.83515625
5 0.50390625 0.1234375 0.2015625 0.03515625
5 0.50859375 0.3578125 0.228125 0.028125
12 0.646875 0.33359375 0.05234375 0.0359375
5 0.7015625 0.47578125 0.0765625 0.00625
5 0.6953125 0.44921875 0.01484375 0.0203125
13 0.70625 0.60625 0.02109375 0.31875
13 0.80390625 0.6421875 0.0109375 0.1328125
12 0.790625 0.59140625 0.08046875 0.03203125
5 0.79921875 0.590625 0.03046875 0.0046875
5 0.8015625 0.615625 0.02421875 0.0046875
5 0.803125 0.63671875 0.02421875 0.0046875
1 0.70234375 0.4609375 0.078125 0.04296875