1 0.44140625 0.2078125 0.159375 0.1484375
18 0.415625 0.33046875 0.09140625 0.07734375
2 0.53046875 0.3953125 0.034375 0.02421875
2 0.50078125 0.3984375 0.0328125 0.02734375
12 0.55390625 0.37265625 0.06328125 0.015625
5 0.440625 0.1640625 0.14921875 0.0328125
5 0.4375 0.23984375 0.15390625 0.0375
5 0.44765625 0.3890625 0.171875 0.0234375
5 0.43359375 0.37890625 0.18046875 0.02890625
13 0.42890625 0.47578125 0.05390625 0.62265625
1 0.7046875 0.53515625 0.02421875 0.009375
5 0.7046875 0.53828125 0.025 0.0046875
13 0.70546875 0.59375 0.00625 0.115625
12 0.7390625 0.5640625 0.0375 0.02890625