0 0.47109375 0.365625 0.03046875 0.03125
1 0.47421875 0.3890625 0.103125 0.01640625
5 0.4734375 0.38984375 0.10234375 0.01015625
5 0.475 0.43125 0.1015625 0.00546875
13 0.48203125 0.528125 0.03046875 0.2875
12 0.3859375 0.446875 0.1796875 0.06796875
12 0.125 0.52578125 0.0796875 0.065625
12 0.1390625 0.5140625 0.09453125 0.021875
13 0.08359375 0.553125 0.009375 0.1703125
13 0.0921875 0.57421875 0.00703125 0.1046875
13 0.32578125 0.5546875 0.015625 0.14453125
12 0.2953125 0.54140625 0.05546875 0.0390625
5 0.32890625 0.4859375 0.04140625 0.00390625
5 0.3265625 0.515625 0.04765625 0.00546875
5 0.26640625 0.525 0.03046875 0.003125
1 0.2671875 0.5234375 0.03046875 0.00625
12 0.21171875 0.5625 0.0375 0.01640625
13 0.21640625 0.57265625 0.0046875 0.02890625
5 0.21640625 0.57109375 0.015625 0.00234375
12 0.2390625 0.5453125 0.06015625 0.025
12 0.21484375 0.5546875 0.04609375 0.01796875
5 0.23125 0.55078125 0.0234375 0.003125
5 0.23671875 0.5375 0.02421875 0.00234375
1 0.23671875 0.53671875 0.02578125 0.0046875
5 0.2671875 0.54375 0.0296875 0.003125
13 0.2390625 0.57421875 0.00703125 0.075
13 0.26875 0.56953125 0.0078125 0.09140625
13 0.23046875 0.56484375 0.003125 0.0296875