1 0.81640625 0.69140625 0.05078125 0.02265625
1 0.5015625 0.234375 0.17265625 0.2171875
18 0.49765625 0.44921875 0.0734375 0.15
13 0.5234375 0.5 0.06796875 1
5 0.4921875 0.16796875 0.15078125 0.08515625
5 0.50546875 0.27421875 0.14765625 0.065625
5 0.53046875 0.55 0.2171875 0.06015625
5 0.51875 0.540625 0.21875 0.06484375
3 0.54609375 0.6109375 0.02421875 0.02265625
13 0.8328125 0.8 0.0375 0.29453125
12 0.86796875 0.76015625 0.05703125 0.09453125
5 0.81640625 0.6859375 0.05 0.0109375
5 0.82578125 0.7390625 0.0515625 0.0078125
2 0.628125 0.54921875 0.0328125 0.02265625
2 0.5921875 0.55625 0.0328125 0.02421875
2 0.475 0.57890625 0.02421875 0.01875
5 0.86328125 0.7953125 0.02265625 0.00234375
5 0.87265625 0.82109375 0.01171875 0.003125
13 0.8625 0.8 0.009375 0.05078125
12 0.88984375 0.8234375 0.0203125 0.03203125