1 0.6234375 0.43984375 0.06640625 0.04140625
1 0.47421875 0.309375 0.1484375 0.0375
0 0.465625 0.27890625 0.05 0.03671875
5 0.47890625 0.30703125 0.13046875 0.0203125
5 0.47421875 0.303125 0.13125 0.02109375
5 0.4734375 0.378125 0.1 0.01484375
5 0.6203125 0.43046875 0.046875 0.0078125
5 0.6234375 0.45 0.0640625 0.00859375
5 0.62890625 0.5125 0.0765625 0.00859375
5 0.6875 0.49140625 0.028125 0.0078125
5 0.6890625 0.51953125 0.0375 0.00546875
18 0.625 0.49375 0.03359375 0.03046875
13 0.48046875 0.49921875 0.0296875 0.40703125
13 0.6296875 0.5359375 0.025 0.2109375
13 0.69375 0.55546875 0.01796875 0.12734375
13 0.7984375 0.5671875 0.01484375 0.1109375
12 0.5234375 0.43671875 0.07890625 0.01484375
1 0.6890625 0.50546875 0.040625 0.03828125