18 0.59296875 0.27109375 0.06953125 0.06484375
12 0.56953125 0.4359375 0.08203125 0.03203125
5 0.6140625 0.3171875 0.15 0.02578125
5 0.6 0.128125 0.0765625 0.0203125
5 0.61484375 0.17421875 0.078125 0.0265625
13 0.615625 0.43671875 0.03828125 0.6609375
13 0.28671875 0.62734375 0.0109375 0.140625
13 0.22265625 0.65859375 0.01015625 0.084375
5 0.225 0.6203125 0.02265625 0.0046875
2 0.54921875 0.325 0.02734375 0.02265625
2 0.57109375 0.328125 0.0296875 0.02109375
2 0.6421875 0.33515625 0.0234375 0.021875
2 0.66875 0.3390625 0.03203125 0.02265625
1 0.6109375 0.15 0.096875 0.08515625
11 0.44375 0.7015625 0.00859375 0.071875