0 0.4859375 0.3625 0.03671875 0.0375
1 0.49296875 0.396875 0.121875 0.0421875
5 0.49453125 0.4015625 0.10859375 0.01171875
5 0.49296875 0.396875 0.11328125 0.01484375
12 0.70078125 0.41796875 0.08359375 0.03515625
17 0.77421875 0.72109375 0.0125 0.015625
13 0.675 0.73359375 0.01640625 0.14140625
12 0.68203125 0.75 0.0078125 0.015625
17 0.68203125 0.75 0.00859375 0.01640625
17 0.934375 0.74375 0.0140625 0.0171875
17 0.95859375 0.7515625 0.0078125 0.0125
12 0.95859375 0.58671875 0.08203125 0.0125
12 0.7203125 0.684375 0.06953125 0.03203125
13 0.5109375 0.63671875 0.0484375 0.5078125
13 0.70234375 0.73984375 0.0109375 0.10625
11 0.6921875 0.7671875 0.00703125 0.06484375
17 0.6921875 0.75390625 0.00859375 0.0140625
13 0.7140625 0.71796875 0.00390625 0.0578125
5 0.7140625 0.69140625 0.021875 0.003125
5 0.68671875 0.6765625 0.028125 0.00390625
5 0.7 0.70546875 0.02109375 0.003125
5 0.7 0.68515625 0.02265625 0.003125
5 0.7140625 0.7125 0.01796875 0.003125
11 0.84765625 0.74375 0.01484375 0.09453125
12 0.8234375 0.69140625 0.040625 0.01171875