13 0.63828125 0.61953125 0.01171875 0.18125
1 0.64140625 0.5265625 0.0328125 0.0140625
1 0.5875 0.4203125 0.0546875 0.021875
1 0.49375 0.296875 0.1328125 0.0953125
18 0.49375 0.4234375 0.0671875 0.07421875
5 0.49296875 0.27734375 0.0578125 0.009375
5 0.49453125 0.3234375 0.13046875 0.01015625
5 0.4984375 0.47109375 0.1453125 0.0078125
5 0.5875 0.42734375 0.03828125 0.00625
5 0.590625 0.51484375 0.07734375 0.00546875
5 0.6421875 0.53125 0.02109375 0.00390625
5 0.6390625 0.5671875 0.04921875 0.00625
4 0.49609375 0.51328125 0.02421875 0.47265625
13 0.5875 0.59140625 0.01953125 0.32578125
12 0.64921875 0.4859375 0.11015625 0.03984375
13 0.6625 0.62421875 0.009375 0.11171875
5 0.67265625 0.56875 0.01875 0.003125
12 0.69140625 0.621875 0.053125 0.015625