1 0.3140625 0.5515625 0.1421875 0.07109375
1 0.5515625 0.3953125 0.209375 0.12578125
0 0.61484375 0.375 0.09921875 0.08828125
5 0.54921875 0.40703125 0.128125 0.06484375
5 0.56015625 0.39609375 0.12890625 0.071875
5 0.53046875 0.5828125 0.209375 0.0890625
5 0.3125 0.553125 0.14375 0.065625
1 0.3046875 0.6015625 0.1 0.07265625
5 0.3171875 0.603125 0.075 0.06953125
5 0.28515625 0.721875 0.1609375 0.0546875
5 0.2921875 0.76640625 0.08671875 0.05859375
5 0.0265625 0.971875 0.05078125 0.01640625
0 0.0515625 0.95390625 0.03359375 0.028125
13 0.275 0.77265625 0.09375 0.4546875
12 0.365625 0.51328125 0.315625 0.2234375
13 0.5359375 0.70078125 0.06796875 0.59765625