1 0.50390625 0.3234375 0.13828125 0.1015625
18 0.484375 0.4421875 0.08828125 0.06484375
11 0.74453125 0.70859375 0.03828125 0.25078125
11 0.40703125 0.72421875 0.0203125 0.25546875
11 0.0796875 0.71171875 0.0203125 0.26015625
17 0.0671875 0.63125 0.04609375 0.0625
17 0.09140625 0.68515625 0.03125 0.0328125
17 0.3875 0.6828125 0.034375 0.0375
17 0.73203125 0.62890625 0.04765625 0.065625
5 0.52578125 0.48671875 0.15078125 0.0234375
5 0.4921875 0.3 0.06171875 0.01796875
5 0.5 0.34375 0.128125 0.0296875
4 0.525 0.5546875 0.06796875 0.515625