12 0.63359375 0.30234375 0.303125 0.35546875
1 0.4859375 0.259375 0.17890625 0.12734375
5 0.49140625 0.265625 0.12734375 0.078125
0 0.47890625 0.23125 0.0671875 0.06015625
13 0.48203125 0.63046875 0.03046875 0.7390625
5 0.47890625 0.25390625 0.1296875 0.08203125
5 0.4796875 0.34140625 0.13828125 0.065625
5 0.90703125 0.65859375 0.034375 0.0046875
5 0.909375 0.665625 0.03359375 0.00390625
5 0.92578125 0.70078125 0.025 0.00390625
13 0.928125 0.7265625 0.046875 0.14296875
1 0.91484375 0.6796875 0.04921875 0.04921875