1 0.521875 0.23671875 0.21171875 0.109375
0 0.51015625 0.1921875 0.07109375 0.06015625
13 0.53671875 0.5765625 0.059375 0.71640625
5 0.525 0.240625 0.1625 0.05390625
5 0.515625 0.23125 0.16640625 0.05625
5 0.51953125 0.32265625 0.175 0.04765625
5 0.83828125 0.58046875 0.06796875 0.009375
13 0.846875 0.64765625 0.034375 0.21015625
13 0.928125 0.69453125 0.01875 0.13046875
12 0.890625 0.6171875 0.084375 0.03515625
5 0.92109375 0.62890625 0.034375 0.003125
1 0.9203125 0.628125 0.03515625 0.00546875
5 0.9234375 0.63671875 0.03359375 0.00546875
5 0.925 0.65625 0.03125 0.0046875
5 0.92578125 0.66484375 0.0359375 0.00390625
1 0.83203125 0.54609375 0.06953125 0.01171875
5 0.83203125 0.54765625 0.06875 0.009375
13 0.9484375 0.71484375 0.01328125 0.075
13 0.965625 0.7453125 0.0046875 0.028125
13 0.97421875 0.74375 0.0046875 0.0296875