1 0.540625 0.26640625 0.159375 0.2109375
18 0.4875 0.4328125 0.06953125 0.096875
2 0.45078125 0.4265625 0.03203125 0.02890625
2 0.49609375 0.43828125 0.03515625 0.028125
2 0.57265625 0.4703125 0.0375 0.01328125
5 0.53828125 0.221875 0.13125 0.0984375
5 0.52578125 0.32578125 0.14375 0.07890625
5 0.52890625 0.44296875 0.1859375 0.0671875
5 0.228125 0.48125 0.059375 0.01328125
5 0.22265625 0.51171875 0.09375 0.0203125
13 0.0234375 0.64453125 0.04609375 0.11015625
5 0.0453125 0.59140625 0.05 0.00859375
12 0.11953125 0.56015625 0.1765625 0.065625
4 0.515625 0.55859375 0.096875 0.70390625
13 0.19765625 0.6515625 0.0828125 0.35234375