1 0.7078125 0.48046875 0.08203125 0.01953125
1 0.51484375 0.365625 0.14296875 0.11171875
18 0.49453125 0.47265625 0.07734375 0.071875
5 0.5140625 0.33359375 0.1234375 0.02109375
5 0.51328125 0.3953125 0.1265625 0.01796875
5 0.51015625 0.49921875 0.1421875 0.015625
5 0.70703125 0.48515625 0.08046875 0.00859375
5 0.70703125 0.5515625 0.08203125 0.00859375
5 0.65859375 0.57109375 0.05078125 0.00859375
5 0.65625 0.52265625 0.05234375 0.00625
12 0.73125 0.5703125 0.0484375 0.01171875
4 0.5109375 0.55078125 0.02421875 0.44609375
13 0.70234375 0.60390625 0.01953125 0.28828125
13 0.659375 0.61875 0.01171875 0.19921875
5 0.7578125 0.58359375 0.021875 0.0046875
1 0.7578125 0.58203125 0.021875 0.0078125
5 0.75859375 0.60078125 0.03515625 0.00390625
13 0.76015625 0.6421875 0.0078125 0.1171875