1 0.46015625 0.18046875 0.11015625 0.14375
18 0.47421875 0.4015625 0.07265625 0.08984375
13 0.45625 0.5671875 0.034375 0.865625
3 0.43515625 0.5078125 0.0171875 0.0515625
2 0.4171875 0.46796875 0.02265625 0.03671875
5 0.45625 0.446875 0.15625 0.04609375
5 0.465625 0.1546875 0.06171875 0.0265625
5 0.465625 0.2234375 0.0984375 0.034375
5 0.8 0.71640625 0.02578125 0.00703125
12 0.82734375 0.7703125 0.0484375 0.040625
12 0.9796875 0.675 0.040625 0.009375
13 0.80234375 0.78671875 0.0109375 0.14609375