0 0.509375 0.2296875 0.09140625 0.065625
5 0.51640625 0.27421875 0.22890625 0.07421875
5 0.02734375 0.59375 0.0546875 0.0171875
13 0.503125 0.621875 0.05 0.73203125
13 0.0203125 0.6375 0.025 0.12109375
12 0.08828125 0.67734375 0.05234375 0.0375
12 0.9609375 0.74921875 0.075 0.01953125
17 0.60625 0.84375 0.0421875 0.03203125
17 0.7265625 0.8296875 0.0390625 0.05234375
17 0.678125 0.85625 0.03515625 0.02734375
17 0.6875 0.88125 0.01015625 0.0140625
17 0.82734375 0.85625 0.0203125 0.028125
11 0.6046875 0.85703125 0.00859375 0.07734375
11 0.67734375 0.89140625 0.0109375 0.11328125
11 0.73359375 0.89453125 0.01875 0.21015625