18 0.540625 0.3453125 0.1421875 0.090625
0 0.2953125 0.475 0.04765625 0.02734375
5 0.265625 0.4453125 0.13359375 0.0125
5 0.2625 0.54765625 0.13515625 0.009375
5 0.553125 0.10625 0.1859375 0.05625
5 0.5453125 0.18515625 0.25546875 0.03828125
5 0.5625 0.39140625 0.3140625 0.03046875
5 0.1703125 0.53828125 0.096875 0.0078125
5 0.1671875 0.6046875 0.096875 0.00546875
12 0.09609375 0.61953125 0.13515625 0.03125
13 0.165625 0.66796875 0.028125 0.2703125
4 0.25390625 0.61015625 0.04609375 0.353125
4 0.55078125 0.509375 0.0578125 0.81171875
1 0.55234375 0.146875 0.2671875 0.1453125
1 0.26796875 0.4421875 0.13359375 0.021875
1 0.17109375 0.5359375 0.1 0.01328125