1 0.68828125 0.56875 0.05703125 0.0125
1 0.62578125 0.5390625 0.04453125 0.11015625
1 0.4734375 0.275 0.1234375 0.08671875
13 0.48984375 0.584375 0.0703125 0.653125
13 0.51875 0.67890625 0.05234375 0.43828125
13 0.634375 0.59453125 0.0390625 0.215625
13 0.71171875 0.6875 0.05546875 0.2453125
12 0.52578125 0.43515625 0.075 0.034375
5 0.47265625 0.2734375 0.103125 0.0609375
5 0.4796875 0.35546875 0.11328125 0.05234375
5 0.62109375 0.51640625 0.03046875 0.01015625
5 0.62421875 0.54609375 0.040625 0.009375
5 0.628125 0.5765625 0.03359375 0.00859375
5 0.63828125 0.63828125 0.0359375 0.00703125
5 0.6875 0.56953125 0.0515625 0.0078125
5 0.69140625 0.584375 0.0484375 0.00546875
5 0.69765625 0.62734375 0.05703125 0.00625
0 0.45546875 0.2421875 0.0578125 0.05
13 0.78125 0.734375 0.025 0.10703125