1 0.48359375 0.24609375 0.11640625 0.10703125
18 0.49453125 0.33984375 0.07265625 0.0671875
5 0.48515625 0.21015625 0.11015625 0.034375
5 0.47109375 0.2890625 0.09296875 0.02890625
5 0.48359375 0.3734375 0.159375 0.0140625
5 0.3546875 0.35859375 0.0640625 0.01015625
5 0.359375 0.3875 0.05703125 0.01015625
2 0.54921875 0.390625 0.025 0.028125
2 0.5234375 0.38671875 0.02265625 0.02265625
2 0.4421875 0.3859375 0.01640625 0.0203125
2 0.41640625 0.384375 0.01796875 0.02421875
4 0.48671875 0.43515625 0.025 0.44765625
12 0.31171875 0.40703125 0.08828125 0.028125
13 0.35703125 0.4625 0.01171875 0.21796875
1 0.3546875 0.37265625 0.06796875 0.04296875