1 0.58203125 0.14921875 0.190625 0.2
18 0.525 0.34609375 0.10234375 0.115625
13 0.56328125 0.53984375 0.0375 0.89296875
13 0.2671875 0.68203125 0.05078125 0.52109375
5 0.57890625 0.11328125 0.1546875 0.10390625
5 0.55859375 0.17578125 0.13828125 0.10234375
5 0.56328125 0.396875 0.1609375 0.07421875
12 0.66328125 0.35859375 0.0546875 0.0203125
2 0.6609375 0.38828125 0.0859375 0.02421875
2 0.62109375 0.396875 0.05234375 0.02109375
3 0.60078125 0.4375 0.03203125 0.028125
3 0.5515625 0.43125 0.040625 0.021875