1 0.81015625 0.66953125 0.0578125 0.03359375
0 0.44375 0.36171875 0.06640625 0.04765625
12 0.64609375 0.4203125 0.35625 0.18046875
5 0.4671875 0.29375 0.13671875 0.04296875
5 0.46796875 0.3265625 0.16328125 0.046875
5 0.4609375 0.4296875 0.1609375 0.0328125
5 0.80625 0.66328125 0.04140625 0.00625
5 0.8109375 0.68125 0.04765625 0.00546875
18 0.821875 0.72109375 0.0328125 0.0234375
13 0.82890625 0.7609375 0.05078125 0.19921875
13 0.44921875 0.64609375 0.0578125 0.70390625
1 0.46875 0.31484375 0.16953125 0.109375