1 0.26171875 0.4625 0.06796875 0.01171875
0 0.5171875 0.1875 0.05859375 0.04453125
5 0.50546875 0.2171875 0.1515625 0.02734375
5 0.50234375 0.29140625 0.1546875 0.02109375
5 0.259375 0.46015625 0.06171875 0.00625
5 0.25625 0.48828125 0.05859375 0.00703125
5 0.371875 0.49375 0.04296875 0.0046875
5 0.37421875 0.51875 0.03359375 0.00234375
12 0.2125 0.503125 0.0796875 0.065625
12 0.43515625 0.3359375 0.11015625 0.03125
13 0.49609375 0.453125 0.05390625 0.496875
13 0.24921875 0.53828125 0.028125 0.1640625
13 0.36875 0.5453125 0.009375 0.12890625
1 0.509375 0.21953125 0.17265625 0.0515625
1 0.37265625 0.50625 0.04375 0.03046875
11 0.01171875 0.57265625 0.01171875 0.065625
12 0.03828125 0.5375 0.0421875 0.00859375