1 0.21015625 0.67421875 0.0140625 0.00859375
0 0.5359375 0.2640625 0.046875 0.05859375
13 0.56953125 0.5734375 0.0296875 0.7609375
13 0.89609375 0.715625 0.02734375 0.2734375
5 0.56015625 0.2046875 0.096875 0.04765625
5 0.559375 0.3625 0.10390625 0.03984375
1 0.88203125 0.57578125 0.02109375 0.01796875
5 0.88828125 0.60078125 0.05078125 0.00859375
5 0.89140625 0.65703125 0.053125 0.00625
5 0.89375 0.6421875 0.03203125 0.00546875
12 0.61015625 0.59453125 0.0609375 0.040625
12 0.48203125 0.68203125 0.03671875 0.06875
13 0.50078125 0.71796875 0.0078125 0.1609375
5 0.32890625 0.68046875 0.01328125 0.00390625
1 0.3296875 0.67734375 0.0171875 0.0109375
1 0.559375 0.203125 0.11953125 0.05859375
5 0.88359375 0.5828125 0.0171875 0.00390625
13 0.33046875 0.6875 0.003125 0.01171875
13 0.2109375 0.68203125 0.003125 0.01171875
5 0.21015625 0.67734375 0.01328125 0.003125