18 0.540625 0.35625 0.08984375 0.0609375
5 0.54609375 0.15078125 0.18046875 0.02734375
5 0.54140625 0.21171875 0.17890625 0.03046875
5 0.534375 0.3875 0.13125 0.02265625
5 0.26328125 0.671875 0.059375 0.00390625
1 0.2640625 0.66953125 0.0609375 0.0109375
5 0.21953125 0.74296875 0.0375 0.00234375
1 0.21953125 0.74296875 0.03828125 0.00546875
0 0.22265625 0.73359375 0.01328125 0.0078125
13 0.5625 0.5859375 0.05703125 0.80078125
13 0.25703125 0.77734375 0.0234375 0.22109375
13 0.2109375 0.8078125 0.02578125 0.1375
1 0.54609375 0.17734375 0.190625 0.115625