1 0.40546875 0.57265625 0.06015625 0.00703125
1 0.59765625 0.1453125 0.2453125 0.15078125
18 0.6203125 0.29453125 0.14453125 0.1125
4 0.603125 0.490625 0.053125 0.79375
13 0.45625 0.60546875 0.03203125 0.32578125
13 0.40546875 0.646875 0.009375 0.15234375
13 0.3921875 0.634375 0.00625 0.0609375
0 0.46640625 0.42421875 0.028125 0.02421875
5 0.5984375 0.17421875 0.24140625 0.03203125
5 0.60859375 0.36796875 0.28515625 0.02265625
5 0.4640625 0.44296875 0.10546875 0.00703125
5 0.45546875 0.5328125 0.10546875 0.00859375
5 0.40546875 0.575 0.0609375 0.00234375
5 0.40546875 0.60546875 0.06328125 0.003125
5 0.3859375 0.625 0.03359375 0.00234375
2 0.4828125 0.3828125 0.02421875 0.03515625
2 0.52890625 0.384375 0.0296875 0.03046875
2 0.68359375 0.390625 0.025 0.02890625
2 0.72265625 0.3921875 0.03125 0.03515625
12 0.4296875 0.35078125 0.075 0.03359375
12 0.415625 0.565625 0.065625 0.01015625
1 0.39140625 0.60625 0.0140625 0.01015625
1 0.3765625 0.63828125 0.01875 0.00625
5 0.3765625 0.640625 0.01796875 0.0015625
13 0.37734375 0.6546875 0.003125 0.02890625