1 0.071875 0.51484375 0.05234375 0.025
1 0.57421875 0.1125 0.09765625 0.17890625
18 0.53984375 0.32578125 0.05859375 0.115625
4 0.578125 0.52421875 0.03203125 0.9515625
13 0.04609375 0.68515625 0.06015625 0.3578125
5 0.0625 0.57734375 0.07265625 0.02109375
5 0.071875 0.5171875 0.04375 0.0125
5 0.5703125 0.078125 0.0578125 0.07265625
5 0.56875 0.13359375 0.0859375 0.12734375
5 0.56328125 0.3765625 0.1078125 0.08984375
13 0.01328125 0.690625 0.01640625 0.0921875
5 0.01796875 0.6640625 0.03203125 0.00859375
5 0.0140625 0.709375 0.02734375 0.00625