0 0.47578125 0.34375 0.04140625 0.028125
1 0.475 0.36796875 0.10390625 0.02109375
5 0.4703125 0.36484375 0.08125 0.0125
13 0.478125 0.55546875 0.0203125 0.3984375
13 0.3203125 0.6140625 0.02109375 0.22578125
13 0.2171875 0.63671875 0.01640625 0.1328125
5 0.32734375 0.50390625 0.05703125 0.00859375
5 0.221875 0.5734375 0.03671875 0.0046875
5 0.20234375 0.58984375 0.02890625 0.00546875
12 0.17734375 0.61171875 0.0375 0.04765625
12 0.2859375 0.54375 0.07265625 0.025
13 0.19453125 0.6421875 0.0171875 0.10625