1 0.49375 0.134375 0.121875 0.07734375
13 0.50234375 0.42421875 0.0296875 0.584375
5 0.49453125 0.1609375 0.11171875 0.02109375
5 0.49921875 0.25078125 0.11484375 0.0203125
13 0.79765625 0.5 0.01015625 0.27890625
5 0.7984375 0.3890625 0.05078125 0.0046875
12 0.84921875 0.4421875 0.0953125 0.09609375
5 0.79921875 0.4359375 0.05234375 0.00625
12 0.96015625 0.50078125 0.02578125 0.0296875
13 0.93046875 0.54453125 0.00546875 0.09375
13 0.88828125 0.5390625 0.00625 0.140625
13 0.94609375 0.5359375 0.0046875 0.04453125
13 0.95546875 0.53359375 0.00390625 0.04375
13 0.9671875 0.5453125 0.0046875 0.03828125
13 0.97578125 0.54921875 0.0046875 0.0359375
5 0.93125 0.50703125 0.02578125 0.00546875