18 0.5265625 0.3359375 0.0453125 0.10234375
13 0.50859375 0.31640625 0.02109375 0.6328125
13 0.7875 0.46015625 0.0140625 0.35078125
1 0.48984375 0.04140625 0.06171875 0.0828125
5 0.4921875 0.03046875 0.04921875 0.0609375
5 0.790625 0.30859375 0.075 0.034375
1 0.790625 0.30703125 0.084375 0.0578125
5 0.78828125 0.3703125 0.06328125 0.02578125
12 0.80625 0.4109375 0.02890625 0.00859375
1 0.921875 0.42890625 0.0328125 0.0125
5 0.921875 0.43203125 0.0328125 0.00546875
5 0.92109375 0.45625 0.03046875 0.00546875
5 0.96640625 0.46875 0.0234375 0.00625
1 0.96640625 0.46796875 0.0234375 0.01015625
5 0.96640625 0.48515625 0.0234375 0.0046875
13 0.92109375 0.48046875 0.00625 0.115625
13 0.96640625 0.5078125 0.0046875 0.09375
5 0.98359375 0.4875 0.01875 0.00390625
13 0.984375 0.49453125 0.00390625 0.02421875