5 0.51015625 0.29375 0.10390625 0.0203125
12 0.475 0.284375 0.08515625 0.35078125
5 0.52109375 0.30703125 0.02109375 0.06171875
13 0.521875 0.44921875 0.05546875 0.89765625
11 0.2640625 0.74453125 0.0453125 0.375
17 0.25078125 0.63359375 0.03828125 0.1109375
17 0.30625 0.61328125 0.046875 0.10859375
11 0.62890625 0.74921875 0.0171875 0.13515625
17 0.628125 0.703125 0.0171875 0.028125
17 0.62265625 0.6546875 0.02421875 0.05390625
17 0.29140625 0.6984375 0.028125 0.05
1 0.4796875 0.025 0.096875 0.05