5 0.6109375 0.16953125 0.1359375 0.02421875
12 0.4609375 0.24765625 0.296875 0.24609375
5 0.63125 0.13359375 0.034375 0.05859375
13 0.6359375 0.46171875 0.10546875 0.92109375
17 0.45703125 0.590625 0.03828125 0.090625
13 0.25703125 0.61953125 0.01171875 0.15546875
5 0.25703125 0.571875 0.021875 0.00390625
5 0.26484375 0.55625 0.01640625 0.00546875
5 0.27109375 0.5828125 0.02890625 0.0046875
12 0.2375 0.60078125 0.03046875 0.00625
13 0.27109375 0.58515625 0.00625 0.025
11 0.446875 0.7421875 0.0125 0.21484375