5 0.50078125 0.2328125 0.115625 0.04609375
5 0.52734375 0.14375 0.0234375 0.08515625
5 0.53203125 0.17421875 0.03359375 0.059375
13 0.50546875 0.509375 0.03828125 0.78046875
12 0.3515625 0.521875 0.00546875 0.0421875
11 0.26484375 0.659375 0.015625 0.08515625
13 0.34375 0.62578125 0.01640625 0.16640625
17 0.43515625 0.628125 0.015625 0.03046875
17 0.17265625 0.5921875 0.0171875 0.0203125
11 0.61171875 0.76953125 0.04140625 0.46015625
17 0.625 0.62734375 0.05703125 0.075
11 0.65234375 0.68046875 0.0296875 0.27265625
17 0.6625 0.5921875 0.0296875 0.0671875
17 0.265625 0.64140625 0.0171875 0.02109375
11 0.44375 0.65 0.01015625 0.08359375
17 0.4515625 0.628125 0.01171875 0.03125
13 0.02421875 0.6328125 0.02578125 0.06640625
13 0.07734375 0.640625 0.015625 0.08515625