17 0.48359375 0.34296875 0.11796875 0.24765625
13 0.54921875 0.50390625 0.040625 0.73125
11 0.22265625 0.68203125 0.0171875 0.06015625
17 0.225 0.66875 0.01171875 0.025
17 0.32578125 0.659375 0.0125 0.01953125
11 0.33203125 0.66640625 0.00859375 0.04296875
17 0.4765625 0.65546875 0.015625 0.0328125
11 0.4875 0.69453125 0.00546875 0.13359375
17 0.49609375 0.65546875 0.01328125 0.03515625
17 0.52421875 0.67265625 0.021875 0.0296875
17 0.52890625 0.61796875 0.015625 0.0390625
13 0.353125 0.58984375 0.01015625 0.06875
13 0.6609375 0.471875 0.025 0.10625
13 0.4171875 0.59375 0.00390625 0.01640625
1 0.5328125 0.18125 0.08125 0.1125