12 0.43984375 0.09921875 0.1453125 0.19609375
13 0.5203125 0.51796875 0.0421875 0.7765625
11 0.10390625 0.6453125 0.0171875 0.11640625
17 0.11015625 0.60859375 0.025 0.0296875
11 0.20625 0.659375 0.01875 0.11796875
17 0.19921875 0.6484375 0.0109375 0.01640625
17 0.20234375 0.6234375 0.0203125 0.0328125
11 0.546875 0.69140625 0.0171875 0.3859375
11 0.58359375 0.6734375 0.01171875 0.19140625
17 0.5859375 0.6140625 0.03359375 0.053125
17 0.3484375 0.49921875 0.028125 0.04375
17 0.375 0.5015625 0.02265625 0.04296875