12 0.5296875 0.25625 0.23203125 0.3171875
5 0.44921875 0.171875 0.11640625 0.09296875
1 0.46875 0.1296875 0.08046875 0.04375
5 0.403125 0.3078125 0.10859375 0.0953125
5 0.43671875 0.284375 0.10390625 0.06484375
13 0.4109375 0.50625 0.0671875 0.71953125
5 0.85859375 0.54453125 0.03046875 0.0046875
1 0.8578125 0.5421875 0.0296875 0.009375
5 0.8609375 0.56484375 0.025 0.00234375
13 0.8640625 0.59140625 0.01640625 0.11015625
13 0.8828125 0.596875 0.01015625 0.065625
12 0.89140625 0.56953125 0.02109375 0.01171875