6 0.06484375 0.3015625 0.07734375 0.52890625
16 0.67421875 0.4671875 0.0640625 0.5546875
16 0.9 0.4703125 0.0734375 0.36875
16 0.52578125 0.4546875 0.01796875 0.1421875
11 0.6578125 0.465625 0.03125 0.55390625
11 0.88359375 0.46953125 0.04140625 0.37265625
11 0.03984375 0.3265625 0.0265625 0.48046875
11 0.521875 0.453125 0.00703125 0.1390625
11 0.19296875 0.4296875 0.009375 0.08046875
12 0.0671875 0.06640625 0.075 0.05390625
17 0.53046875 0.44375 0.0109375 0.01796875
17 0.525 0.40859375 0.01484375 0.03515625
17 0.6671875 0.42265625 0.04375 0.06328125
17 0.67578125 0.28984375 0.06484375 0.13984375
17 0.9125 0.3515625 0.04609375 0.090625
17 0.05546875 0.40078125 0.021875 0.04609375
17 0.1921875 0.415625 0.01875 0.03515625