5 0.428125 0.13671875 0.1046875 0.0765625
5 0.41875 0.2203125 0.13125 0.084375
5 0.44296875 0.1875 0.1375 0.04296875
5 0.4375 0.26015625 0.13359375 0.03203125
12 0.54140625 0.32734375 0.2203125 0.04765625
12 0.37421875 0.33515625 0.0734375 0.01953125
5 0.32578125 0.45625 0.08671875 0.0125
5 0.32734375 0.43203125 0.07109375 0.01953125
13 0.328125 0.54609375 0.0203125 0.44453125
13 0.41328125 0.5015625 0.06640625 0.80078125
12 0.4890625 0.4984375 0.02421875 0.01796875
13 0.503125 0.578125 0.0109375 0.16015625
13 0.8609375 0.61953125 0.00625 0.16328125
12 0.8859375 0.5703125 0.05078125 0.00390625