5 0.5671875 0.1859375 0.15078125 0.0609375
5 0.5703125 0.134375 0.16015625 0.06015625
12 0.46171875 0.1796875 0.2296875 0.13515625
13 0.5953125 0.503125 0.0640625 0.8140625
12 0.11796875 0.503125 0.05703125 0.021875
12 0.06640625 0.58828125 0.03515625 0.0140625
13 0.1421875 0.60546875 0.02109375 0.19765625
5 0.14765625 0.57109375 0.05 0.0078125
5 0.1453125 0.5578125 0.04140625 0.00546875
5 0.24609375 0.57421875 0.04296875 0.0046875
5 0.24765625 0.55703125 0.03046875 0.00390625
13 0.24765625 0.62265625 0.0046875 0.146875
13 0.0625 0.65 0.009375 0.06953125
13 0.0828125 0.63515625 0.01015625 0.10859375