5 0.54921875 0.1921875 0.20625 0.0765625
12 0.396875 0.13828125 0.0984375 0.059375
13 0.56640625 0.525 0.04765625 0.74609375
5 0.25625 0.5375 0.02890625 0.0046875
12 0.24140625 0.54921875 0.0328125 0.01875
13 0.2796875 0.54609375 0.003125 0.03984375
13 0.25703125 0.59453125 0.01484375 0.12109375
1 0.27890625 0.525 0.01953125 0.01328125
5 0.27890625 0.53125 0.01953125 0.00234375
5 0.17265625 0.56328125 0.0203125 0.0015625
5 0.18203125 0.57265625 0.0203125 0.00234375
13 0.1671875 0.57578125 0.00390625 0.03203125
13 0.1796875 0.578125 0.003125 0.01640625