5 0.5046875 0.1921875 0.13671875 0.12890625
13 0.5296875 0.5171875 0.053125 0.70703125
1 0.38984375 0.38515625 0.0578125 0.03125
13 0.38671875 0.5140625 0.01953125 0.2625
5 0.39140625 0.39140625 0.0515625 0.015625
5 0.378125 0.42734375 0.0765625 0.0203125
5 0.3953125 0.44765625 0.059375 0.02109375
12 0.3234375 0.4421875 0.1234375 0.08828125
5 0.14375 0.49140625 0.05 0.01484375
13 0.1359375 0.5390625 0.02578125 0.10859375
5 0.17578125 0.5203125 0.02734375 0.00625
13 0.1765625 0.521875 0.0046875 0.01015625