5 0.46484375 0.11171875 0.1078125 0.02421875
13 0.571875 0.6109375 0.0359375 0.5828125
13 0.2828125 0.565625 0.0109375 0.23046875
5 0.24765625 0.45625 0.04765625 0.00390625
5 0.2828125 0.45625 0.02578125 0.003125
5 0.2453125 0.5078125 0.06328125 0.0046875
5 0.22109375 0.52265625 0.03359375 0.00234375
13 0.22421875 0.528125 0.003125 0.02421875
1 0.24609375 0.4609375 0.0328125 0.0234375
13 0.246875 0.49921875 0.00703125 0.09140625
12 0.2140625 0.4546875 0.01875 0.00546875
13 0.20390625 0.578125 0.00234375 0.0140625