5 0.175 0.5453125 0.0484375 0.0078125
5 0.1703125 0.58125 0.0453125 0.01015625
12 0.13671875 0.58125 0.02109375 0.00625
13 0.16484375 0.61796875 0.0296875 0.1609375
5 0.115625 0.61796875 0.0203125 0.00390625
13 0.115625 0.621875 0.0046875 0.01484375
13 0.5296875 0.51328125 0.04453125 0.7640625
18 0.5515625 0.38671875 0.10703125 0.18046875
5 0.546875 0.42421875 0.14453125 0.06171875
5 0.49453125 0.28828125 0.2078125 0.0890625
1 0.50703125 0.18828125 0.14296875 0.1828125
5 0.5203125 0.14609375 0.09296875 0.06640625