5 0.55703125 0.13515625 0.2640625 0.0390625
12 0.36484375 0.115625 0.12109375 0.04140625
13 0.565625 0.5140625 0.059375 0.79296875
5 0.265625 0.3609375 0.08984375 0.009375
5 0.2625 0.4546875 0.12265625 0.0078125
1 0.26484375 0.36796875 0.0609375 0.04140625
13 0.2625 0.546875 0.021875 0.3796875
18 0.2625 0.51640625 0.0484375 0.03515625
5 0.17421875 0.55703125 0.0359375 0.0046875
12 0.146875 0.56015625 0.02421875 0.003125
13 0.18046875 0.61171875 0.009375 0.12734375
5 0.14296875 0.59296875 0.025 0.003125
13 0.14375 0.603125 0.003125 0.02734375