5 0.50546875 0.14921875 0.15078125 0.07890625
5 0.8578125 0.51640625 0.05625 0.00703125
1 0.85703125 0.50703125 0.05625 0.0171875
5 0.865625 0.55234375 0.065625 0.00625
5 0.915625 0.571875 0.03359375 0.003125
1 0.9140625 0.56640625 0.0328125 0.0125
5 0.91640625 0.5859375 0.034375 0.0046875
12 0.9109375 0.55234375 0.025 0.0046875
13 0.86484375 0.584375 0.01953125 0.15078125
18 0.865625 0.6 0.02734375 0.02734375
13 0.91484375 0.58359375 0.00390625 0.03046875
13 0.4890625 0.5265625 0.059375 0.75390625