1 0.48984375 0.5484375 0.0625 0.771875
1 0.490625 0.203125 0.1 0.18515625
5 0.49296875 0.21484375 0.09375 0.16328125
5 0.5046875 0.2984375 0.1453125 0.16171875
5 0.89140625 0.5015625 0.0984375 0.034375
5 0.86640625 0.47265625 0.04765625 0.021875
13 0.9046875 0.56171875 0.0734375 0.196875
5 0.89375 0.5515625 0.0734375 0.028125
1 0.54296875 0.61484375 0.034375 0.021875
5 0.54375 0.6203125 0.03515625 0.009375
5 0.54609375 0.66796875 0.03515625 0.009375
5 0.5453125 0.65390625 0.040625 0.009375
13 0.546875 0.671875 0.00625 0.12578125
5 0.76484375 0.64765625 0.03203125 0.01171875
13 0.76875 0.6546875 0.00859375 0.0265625