13 0.48046875 0.515625 0.04453125 0.70703125
1 0.48515625 0.16640625 0.13359375 0.14921875
5 0.484375 0.31328125 0.0953125 0.0734375
18 0.50078125 0.30546875 0.09453125 0.1078125
5 0.7671875 0.575 0.02890625 0.00625
5 0.7640625 0.559375 0.02734375 0.00625
1 0.7640625 0.55703125 0.028125 0.01171875
13 0.77265625 0.6046875 0.02421875 0.10234375
5 0.8 0.59296875 0.0203125 0.00234375
13 0.79765625 0.58828125 0.00703125 0.02109375
5 0.7953125 0.58125 0.01875 0.00390625
5 0.50078125 0.1875 0.09921875 0.09296875