6 0.2578125 0.4640625 0.1421875 0.36875
6 0.47109375 0.51015625 0.0375 0.15078125
6 0.3703125 0.51171875 0.02734375 0.12421875
11 0.19140625 0.49296875 0.009375 0.30859375
11 0.48125 0.5140625 0.0078125 0.140625
11 0.3578125 0.51328125 0.00625 0.11328125
12 0.25859375 0.3234375 0.13984375 0.08828125
12 0.4671875 0.44765625 0.0328125 0.02890625
12 0.36875 0.45703125 0.0296875 0.01796875
11 0.8015625 0.66328125 0.01640625 0.2828125
11 0.65625 0.5984375 0.00859375 0.153125
11 0.53671875 0.5796875 0.00390625 0.0828125