12 0.5453125 0.221875 0.26015625 0.18984375
5 0.40859375 0.16640625 0.1515625 0.0671875
13 0.40234375 0.5015625 0.05390625 0.81328125
11 0.0125 0.50234375 0.025 0.2390625
11 0.58671875 0.60546875 0.0125 0.1625
11 0.615625 0.625 0.009375 0.21015625
11 0.73359375 0.61328125 0.00859375 0.10703125
5 0.88203125 0.540625 0.03671875 0.00625
13 0.884375 0.596875 0.0125 0.14453125
5 0.9125 0.559375 0.021875 0.00390625
13 0.9171875 0.60703125 0.0109375 0.10390625
13 0.94375 0.59140625 0.00546875 0.01953125
5 0.94296875 0.58984375 0.01796875 0.00234375