5 0.39921875 0.2140625 0.23125 0.06796875
5 0.434375 0.16171875 0.1375 0.146875
12 0.5546875 0.28515625 0.3109375 0.3234375
13 0.39375 0.52421875 0.0515625 0.74765625
1 0.67265625 0.5078125 0.0578125 0.028125
5 0.67265625 0.50390625 0.05703125 0.00859375
5 0.6765625 0.559375 0.06015625 0.009375
13 0.678125 0.61796875 0.01953125 0.25
5 0.70625 0.59375 0.0390625 0.0046875
1 0.70546875 0.565625 0.0375 0.00859375
5 0.7046875 0.56875 0.0359375 0.00390625
13 0.70703125 0.6078125 0.0078125 0.09609375
13 0.7203125 0.63203125 0.00546875 0.03046875