5 0.540625 0.146875 0.1703125 0.04140625
1 0.540625 0.12734375 0.146875 0.05859375
18 0.55625 0.2875 0.0984375 0.14921875
5 0.54140625 0.40078125 0.1796875 0.03671875
12 0.41015625 0.38359375 0.08359375 0.028125
13 0.5515625 0.515625 0.04140625 0.76953125
5 0.29921875 0.553125 0.04765625 0.00390625
1 0.3 0.5453125 0.04765625 0.015625
13 0.29609375 0.63828125 0.0125 0.19453125
5 0.28046875 0.5890625 0.01640625 0.00546875
12 0.2609375 0.58828125 0.02109375 0.00625
5 0.2625 0.60859375 0.025 0.003125
5 0.26015625 0.628125 0.028125 0.003125
13 0.26171875 0.65625 0.00703125 0.11015625