5 0.4984375 0.17109375 0.08125 0.1265625
1 0.49609375 0.1625 0.07109375 0.11015625
5 0.50546875 0.253125 0.09375 0.0984375
5 0.48515625 0.3109375 0.146875 0.0421875
13 0.478125 0.5234375 0.03984375 0.7421875
1 0.95 0.3875 0.1 0.053125
5 0.9515625 0.40390625 0.096875 0.0328125
13 0.97109375 0.50859375 0.05703125 0.2265625
5 0.9640625 0.42578125 0.03359375 0.03125
5 0.96171875 0.4703125 0.0765625 0.01875
11 0.53671875 0.57109375 0.01640625 0.36953125
5 0.26953125 0.55625 0.02734375 0.00546875
13 0.26796875 0.565625 0.00546875 0.0296875