1 0.496875 0.1703125 0.11484375 0.12890625
5 0.49609375 0.19296875 0.115625 0.09609375
1 0.4703125 0.234375 0.06328125 0.103125
13 0.4859375 0.53125 0.03359375 0.71875
5 0.49296875 0.2265625 0.03125 0.10546875
5 0.48359375 0.30234375 0.10546875 0.07421875
5 0.87890625 0.515625 0.078125 0.0203125
13 0.8828125 0.56875 0.053125 0.32265625
12 0.93515625 0.51953125 0.115625 0.06953125
5 0.9875 0.5890625 0.02421875 0.0046875
5 0.984375 0.571875 0.03125 0.00390625
1 0.9828125 0.56171875 0.03359375 0.01953125
13 0.98984375 0.575 0.00859375 0.04609375