5 0.5046875 0.20078125 0.09296875 0.11640625
1 0.50546875 0.1734375 0.09140625 0.14140625
1 0.5046875 0.2640625 0.1328125 0.03046875
5 0.5015625 0.24296875 0.13203125 0.0140625
5 0.478125 0.3234375 0.090625 0.0734375
13 0.49296875 0.5375 0.03515625 0.68984375
11 0.29296875 0.609375 0.03515625 0.259375
5 0.66796875 0.58515625 0.02578125 0.0015625
1 0.66875 0.58046875 0.02421875 0.0078125
13 0.66796875 0.5984375 0.00546875 0.0359375
5 0.10546875 0.4703125 0.075 0.01953125
1 0.1078125 0.46640625 0.0671875 0.01796875
5 0.096875 0.50625 0.07421875 0.01640625
13 0.08515625 0.60390625 0.04921875 0.275