5 0.4515625 0.3296875 0.08125 0.09453125
12 0.52890625 0.28359375 0.1625 0.3125
13 0.44140625 0.5921875 0.034375 0.5453125
5 0.53828125 0.48046875 0.03203125 0.01015625
5 0.5359375 0.50078125 0.03125 0.009375
5 0.53515625 0.51953125 0.0140625 0.00390625
13 0.5421875 0.5609375 0.01171875 0.1859375
5 0.9546875 0.5671875 0.053125 0.0078125
13 0.9703125 0.61796875 0.0390625 0.11796875
5 0.971875 0.590625 0.03359375 0.003125
13 0.98125 0.62421875 0.025 0.07578125
5 0.9796875 0.603125 0.021875 0.0046875