5 0.27265625 0.11640625 0.021875 0.09453125
1 0.28359375 0.08203125 0.05 0.07890625
1 0.24453125 0.134375 0.128125 0.0921875
5 0.2859375 0.190625 0.21796875 0.01953125
13 0.2640625 0.51328125 0.08515625 0.78515625
5 0.2609375 0.29296875 0.01328125 0.10078125
5 0.32578125 0.4546875 0.0875 0.0078125
1 0.32734375 0.4421875 0.0828125 0.02734375
5 0.3234375 0.49765625 0.09140625 0.00703125
13 0.3203125 0.590625 0.0234375 0.29296875
12 0.52578125 0.3328125 0.4984375 0.16875
12 0.40234375 0.55859375 0.14453125 0.0109375