5 0.4046875 0.25703125 0.18515625 0.05546875
12 0.54609375 0.253125 0.29296875 0.30625
13 0.39140625 0.5640625 0.04296875 0.696875
13 0.778125 0.6140625 0.01484375 0.18125
13 0.85625 0.61640625 0.009375 0.090625
12 0.8828125 0.5921875 0.053125 0.04296875
12 0.81953125 0.546875 0.0875 0.07734375
5 0.7765625 0.5375 0.05859375 0.00625
5 0.853125 0.5765625 0.04140625 0.0046875
12 0.89609375 0.6078125 0.02734375 0.01015625
12 0.940625 0.62265625 0.02578125 0.0078125
13 0.8828125 0.6296875 0.00703125 0.06796875
13 0.95390625 0.6421875 0.00546875 0.03203125