5 0.3703125 0.1953125 0.05 0.1921875
1 0.3734375 0.18359375 0.04921875 0.19609375
1 0.37109375 0.15859375 0.11796875 0.06484375
5 0.3671875 0.165625 0.13046875 0.07578125
13 0.27109375 0.57265625 0.21328125 0.7859375
5 0.35 0.24765625 0.0953125 0.04609375
5 0.35625 0.28515625 0.05078125 0.140625
12 0.50234375 0.3015625 0.3171875 0.1125
5 0.3578125 0.51640625 0.02265625 0.00390625
1 0.35859375 0.51171875 0.025 0.01015625
5 0.359375 0.53046875 0.021875 0.00625
13 0.35625 0.53125 0.01015625 0.04296875
13 0.528125 0.57890625 0.0046875 0.0984375