12 0.52734375 0.1828125 0.15390625 0.06875
11 0.41171875 0.5484375 0.084375 0.66171875
17 0.3328125 0.5421875 0.0625 0.11640625
11 0.31875 0.775 0.05390625 0.34609375
12 0.87890625 0.53671875 0.0484375 0.0171875
11 0.93203125 0.6296875 0.0578125 0.16953125
12 0.78515625 0.60234375 0.025 0.00625
11 0.8 0.61484375 0.00703125 0.01875
17 0.66640625 0.6578125 0.0078125 0.01015625
11 0.57578125 0.67265625 0.0015625 0.0234375
17 0.57578125 0.65703125 0.0046875 0.0078125
17 0.48671875 0.6609375 0.00625 0.0109375
17 0.56171875 0.66328125 0.0046875 0.0078125