17 0.47734375 0.4625 0.03203125 0.12578125
11 0.4984375 0.61328125 0.0234375 0.4375
17 0.265625 0.55703125 0.01171875 0.02578125
17 0.26484375 0.58125 0.00859375 0.01328125
11 0.27109375 0.59453125 0.00859375 0.1078125
11 0.12578125 0.55703125 0.01484375 0.16328125
11 0.146875 0.60390625 0.00859375 0.0953125
17 0.1484375 0.584375 0.009375 0.01328125
12 0.0859375 0.5234375 0.02890625 0.0140625
11 0.1 0.571875 0.003125 0.0859375
12 0.103125 0.46640625 0.05234375 0.01953125
11 0.534375 0.58125 0.0484375 0.63203125