12 0.48984375 0.17265625 0.240625 0.1484375
11 0.615625 0.5734375 0.0296875 0.65703125
12 0.4734375 0.5734375 0.04609375 0.02265625
11 0.496875 0.65859375 0.00703125 0.1484375
12 0.1671875 0.490625 0.10546875 0.04140625
11 0.103125 0.63125 0.03046875 0.24140625
12 0.2046875 0.56328125 0.0390625 0.02578125
11 0.18359375 0.65078125 0.01171875 0.1484375
12 0.3234375 0.62421875 0.04375 0.009375
11 0.29765625 0.66171875 0.009375 0.06796875
11 0.36328125 0.67578125 0.00390625 0.05625
12 0.378125 0.64453125 0.03203125 0.00703125