12 0.48515625 0.2234375 0.121875 0.18125
11 0.55625 0.596875 0.02734375 0.5640625
17 0.11171875 0.57734375 0.028125 0.028125
11 0.21875 0.67265625 0.021875 0.115625
17 0.221875 0.6484375 0.0140625 0.02578125
17 0.47265625 0.603125 0.0234375 0.07578125
17 0.4734375 0.66171875 0.021875 0.03359375
11 0.4890625 0.70234375 0.00703125 0.2859375
17 0.50625 0.6296875 0.0234375 0.05078125
17 0.5140625 0.67109375 0.01328125 0.0265625
11 0.52265625 0.69765625 0.0078125 0.18515625
17 0.52890625 0.63203125 0.0109375 0.0515625