16 0.09375 0.4921875 0.01953125 0.1609375
6 0.19609375 0.42578125 0.01484375 0.07109375
6 0.20703125 0.42421875 0.0234375 0.11328125
6 0.0390625 0.40078125 0.040625 0.31640625
6 0.29609375 0.38515625 0.0625 0.40625
16 0.2765625 0.48359375 0.01015625 0.125
16 0.08671875 0.45 0.02734375 0.1640625
11 0.3234375 0.40234375 0.00546875 0.36796875
11 0.03125 0.409375 0.01875 0.2921875
11 0.0890625 0.49609375 0.01171875 0.16015625
11 0.27578125 0.48515625 0.00546875 0.125
12 0.29609375 0.2046875 0.06171875 0.04609375
12 0.0484375 0.25546875 0.021875 0.02109375
17 0.27734375 0.446875 0.0109375 0.0359375
17 0.0796875 0.3859375 0.015625 0.03671875
17 0.09921875 0.48203125 0.0078125 0.0296875
17 0.0875 0.4828125 0.0078125 0.02421875
11 0.215625 0.434375 0.00703125 0.09375
11 0.2 0.43046875 0.0046875 0.0609375
12 0.20703125 0.37734375 0.0234375 0.01796875
12 0.19453125 0.3953125 0.01328125 0.00859375
9 0.51484375 0.41875 0.0078125 0.17890625
9 0.50234375 0.4421875 0.00546875 0.1296875
9 0.65234375 0.44375 0.0078125 0.10546875
9 0.73203125 0.38125 0.025 0.2890625
9 0.78359375 0.44375 0.01171875 0.12734375