5 0.48828125 0.14375 0.13046875 0.05859375
1 0.4921875 0.12265625 0.10703125 0.03125
5 0.50078125 0.23046875 0.22265625 0.06875
13 0.4203125 0.51484375 0.059375 0.7734375
1 0.7375 0.4703125 0.0375 0.0140625
5 0.7359375 0.47890625 0.04453125 0.0078125
5 0.7390625 0.509375 0.05625 0.009375
13 0.72421875 0.5796875 0.0140625 0.22578125
12 0.78125 0.503125 0.03046875 0.01484375
5 0.8 0.53671875 0.01953125 0.00390625
5 0.8 0.55390625 0.03125 0.00546875
13 0.79296875 0.6015625 0.00859375 0.1078125
13 0.8171875 0.6046875 0.009375 0.08515625
5 0.81875 0.56484375 0.02109375 0.00234375