1 0.36171875 0.13984375 0.159375 0.13046875
13 0.34296875 0.50625 0.06015625 0.80859375
5 0.35625 0.19453125 0.1375 0.01875
5 0.37734375 0.134375 0.0140625 0.08671875
5 0.3734375 0.3078125 0.234375 0.08828125
12 0.54375 0.32734375 0.37109375 0.37578125
5 0.37421875 0.28515625 0.009375 0.08125
13 0.77734375 0.5796875 0.021875 0.28203125
4 0.50234375 0.65390625 0.0109375 0.25625
13 0.4078125 0.64296875 0.00859375 0.18203125
13 0.26875 0.6390625 0.01328125 0.15078125
5 0.27109375 0.58671875 0.06171875 0.00859375