12 0.559375 0.2203125 0.50234375 0.2375
13 0.209375 0.51875 0.371875 0.9625
5 0.3078125 0.1671875 0.24609375 0.2390625
1 0.37265625 0.09375 0.1859375 0.1875
5 0.35078125 0.09296875 0.14609375 0.1828125
13 0.81640625 0.5703125 0.04375 0.14140625
5 0.8 0.50546875 0.04609375 0.01015625
5 0.81015625 0.5484375 0.06015625 0.01171875
5 0.86640625 0.54765625 0.025 0.00546875
13 0.871875 0.5359375 0.01171875 0.0203125
5 0.8703125 0.52890625 0.0359375 0.00703125
12 0.60625 0.52890625 0.02265625 0.03828125
13 0.61953125 0.55 0.00546875 0.03515625