13 0.384375 0.60234375 0.0453125 0.58671875
5 0.40078125 0.31328125 0.06484375 0.1078125
5 0.40390625 0.353125 0.15546875 0.05
12 0.52734375 0.30078125 0.25234375 0.3171875
12 0.16953125 0.6109375 0.0515625 0.0484375
13 0.13203125 0.675 0.03203125 0.13046875
13 0.215625 0.68359375 0.00859375 0.08203125
5 0.21875 0.6453125 0.0171875 0.0046875
1 0.12421875 0.65703125 0.01796875 0.00546875
5 0.1234375 0.66875 0.01640625 0.003125
13 0.1234375 0.66875 0.00546875 0.02421875
5 0.12421875 0.65859375 0.01640625 0.003125
5 0.5796875 0.596875 0.03125 0.00625
5 0.58125 0.62578125 0.04140625 0.00546875
13 0.58359375 0.6578125 0.01171875 0.15625
5 0.584375 0.5875 0.0234375 0.00859375
5 0.5765625 0.615625 0.00703125 0.00859375
5 0.6203125 0.6578125 0.02421875 0.00390625
13 0.61953125 0.6546875 0.00390625 0.01875
1 0.61875 0.6453125 0.01953125 0.009375
5 0.61875 0.6484375 0.01328125 0.00234375