11 0.35078125 0.50625 0.08515625 0.96171875
11 0.20859375 0.69609375 0.025 0.25703125
11 0.96484375 0.61171875 0.0703125 0.4171875
11 0.490625 0.64453125 0.0484375 0.3265625
12 0.51640625 0.1265625 0.39921875 0.21875
12 0.60703125 0.19609375 0.56953125 0.08203125
12 0.4328125 0.5 0.1 0.02421875
17 0.334375 0.62890625 0.0640625 0.11796875
17 0.23125 0.690625 0.0390625 0.06953125
17 0.23125 0.746875 0.03203125 0.04140625
17 0.39296875 0.73671875 0.040625 0.05234375
17 0.38828125 0.65234375 0.053125 0.09609375
17 0.5171875 0.6984375 0.03046875 0.0484375
17 0.5203125 0.7375 0.02109375 0.02578125
17 0.57578125 0.39609375 0.07265625 0.10234375
17 0.625 0.40859375 0.0640625 0.10234375
17 0.98203125 0.72421875 0.0359375 0.0484375