12 0.46015625 0.28359375 0.26171875 0.09921875
13 0.596875 0.3078125 0.03125 0.615625
1 0.58984375 0.0265625 0.121875 0.05234375
5 0.5859375 0.0203125 0.09453125 0.03125
0 0.62265625 0.1421875 0.06328125 0.0765625
13 0.3390625 0.43359375 0.00703125 0.19609375
13 0.0140625 0.43359375 0.0125 0.165625
13 0.265625 0.43984375 0.009375 0.13515625
5 0.31328125 0.36484375 0.0546875 0.00546875
1 0.31328125 0.3609375 0.05546875 0.0125
5 0.2625 0.41328125 0.04375 0.00390625
1 0.26328125 0.41015625 0.04609375 0.01171875
5 0.0203125 0.36640625 0.040625 0.01484375