1 0.34296875 0.540625 0.0453125 0.0125
1 0.709375 0.22265625 0.18984375 0.07734375
18 0.74453125 0.28125 0.1 0.08515625
13 0.728125 0.51015625 0.03515625 0.62734375
13 0.3390625 0.6328125 0.01484375 0.19296875
5 0.72421875 0.21015625 0.12890625 0.0203125
5 0.71328125 0.228125 0.16015625 0.028125
5 0.71328125 0.359375 0.1765625 0.03046875
5 0.3421875 0.54375 0.0421875 0.00546875
5 0.3421875 0.57265625 0.0578125 0.00546875
5 0.34453125 0.5828125 0.034375 0.00703125
5 0.27109375 0.6421875 0.03515625 0.00390625
13 0.27109375 0.68359375 0.00859375 0.09296875