13 0.45703125 0.50703125 0.1015625 0.9109375
13 0.871875 0.63203125 0.0125 0.1859375
13 0.91796875 0.63984375 0.009375 0.10859375
1 0.49140625 0.046875 0.18359375 0.08359375
5 0.49296875 0.0671875 0.18046875 0.05625
5 0.4828125 0.19453125 0.25703125 0.0703125
1 0.875 0.53515625 0.04453125 0.0171875
5 0.87421875 0.5421875 0.0453125 0.00390625
5 0.875 0.57890625 0.0484375 0.00546875
5 0.91796875 0.59140625 0.03046875 0.0046875
5 0.91796875 0.61015625 0.02578125 0.003125
12 0.67109375 0.16640625 0.11328125 0.0453125