1 0.58515625 0.0359375 0.1828125 0.0484375
5 0.58828125 0.04140625 0.1375 0.03046875
5 0.5828125 0.27421875 0.18984375 0.02421875
1 0.23671875 0.53359375 0.0625 0.03203125
5 0.2375 0.546875 0.0671875 0.0078125
5 0.23984375 0.58359375 0.0734375 0.0078125
1 0.1359375 0.63125 0.03203125 0.01015625
5 0.1375 0.65234375 0.0421875 0.00625
13 0.2390625 0.6765625 0.01796875 0.2765625
13 0.1359375 0.6921875 0.009375 0.125
13 0.609375 0.5140625 0.0671875 0.96484375
5 0.1359375 0.634375 0.03046875 0.003125
5 0.0890625 0.65546875 0.02578125 0.003125
1 0.11875 0.6359375 0.0234375 0.0078125
5 0.11953125 0.63828125 0.02265625 0.003125
5 0.1171875 0.66015625 0.0234375 0.00390625
13 0.11875 0.68828125 0.0046875 0.1046875
13 0.0890625 0.68984375 0.0046875 0.0796875