13 0.3953125 0.5640625 0.034375 0.78515625
11 0.7078125 0.6671875 0.01640625 0.1
11 0.71484375 0.6359375 0.02265625 0.1296875
12 0.73125 0.56796875 0.04921875 0.0265625
12 0.521875 0.21796875 0.22578125 0.31640625
17 0.8140625 0.58671875 0.01953125 0.025
17 0.70546875 0.64609375 0.01171875 0.02265625
17 0.72109375 0.66328125 0.0109375 0.01875
11 0.9828125 0.6859375 0.01328125 0.040625
17 0.98046875 0.659375 0.01171875 0.02109375
12 0.76484375 0.615625 0.02734375 0.01953125
13 0.7828125 0.64375 0.01484375 0.07109375
13 0.6765625 0.62734375 0.00703125 0.0328125
5 0.77578125 0.6109375 0.0203125 0.003125