1 0.490625 0.103125 0.19921875 0.1078125
13 0.46953125 0.47421875 0.06796875 0.846875
5 0.4875 0.11875 0.1953125 0.07265625
5 0.48828125 0.2078125 0.1578125 0.0703125
12 0.33515625 0.1375 0.159375 0.096875
5 0.16015625 0.440625 0.0875 0.01875
1 0.1609375 0.43046875 0.09375 0.04375
5 0.1578125 0.484375 0.0984375 0.02109375
5 0.16328125 0.50703125 0.04921875 0.015625
13 0.15 0.5734375 0.03125 0.33125
13 0.03046875 0.57109375 0.015625 0.07890625
5 0.03203125 0.55 0.046875 0.0078125
1 0.03203125 0.54609375 0.05 0.021875
5 0.03203125 0.56953125 0.05625 0.0078125