13 0.896875 0.56875 0.03125 0.7375
12 0.7578125 0.21484375 0.26015625 0.32109375
12 0.15078125 0.59296875 0.10859375 0.06015625
5 0.103125 0.578125 0.0546875 0.01484375
5 0.81953125 0.4484375 0.0375 0.01640625
5 0.8265625 0.50390625 0.03671875 0.02265625
5 0.89375 0.45859375 0.07890625 0.0390625
13 0.8234375 0.57265625 0.01328125 0.28125
13 0.0875 0.65703125 0.03984375 0.1671875
11 0.7640625 0.7453125 0.01484375 0.2828125
11 0.5796875 0.715625 0.0140625 0.10859375
11 0.5 0.69453125 0.0125 0.13671875
11 0.7765625 0.6921875 0.01875 0.271875
17 0.35546875 0.57265625 0.01875 0.034375
17 0.49921875 0.6890625 0.0140625 0.0328125
17 0.67265625 0.53359375 0.015625 0.04296875
17 0.590625 0.69375 0.015625 0.0328125
17 0.77421875 0.671875 0.03671875 0.0765625
17 0.79609375 0.63828125 0.028125 0.0640625
17 0.70234375 0.5375 0.0125 0.0421875