15 0.46953125 0.475 0.18828125 0.72421875
16 0.44765625 0.65859375 0.04296875 0.24609375
13 0.540625 0.54921875 0.0421875 0.565625
12 0.45390625 0.2515625 0.15 0.27109375
11 0.45859375 0.65859375 0.01796875 0.2390625
17 0.446875 0.5953125 0.040625 0.07265625
11 0.29921875 0.590625 0.01328125 0.18125
17 0.0859375 0.609375 0.015625 0.034375
11 0.08125 0.603125 0.00859375 0.14765625
5 0.7953125 0.48984375 0.040625 0.00625
5 0.7921875 0.5171875 0.04296875 0.01015625
13 0.7953125 0.509375 0.00703125 0.059375