13 0.67734375 0.5046875 0.19765625 0.94140625
5 0.60390625 0.0359375 0.18984375 0.06328125
12 0.47109375 0.4265625 0.38671875 0.24375
8 0.5265625 0.48984375 0.50078125 0.97421875
13 0.13984375 0.67421875 0.025 0.24375
13 0.56640625 0.6734375 0.0453125 0.25390625
13 0.4453125 0.6859375 0.03203125 0.1796875
5 0.12890625 0.58125 0.06640625 0.021875
5 0.13515625 0.61953125 0.06171875 0.0171875
5 0.5546875 0.5953125 0.05390625 0.02109375
5 0.5296875 0.56484375 0.05625 0.0171875
5 0.43515625 0.6359375 0.0421875 0.01640625
5 0.43125 0.60625 0.040625 0.0109375
12 0.4734375 0.62578125 0.17734375 0.0515625
12 0.190625 0.65 0.10078125 0.07265625
13 0.17265625 0.6703125 0.03203125 0.228125
17 0.45078125 0.73515625 0.01171875 0.01484375
17 0.19921875 0.73125 0.01640625 0.01796875
17 0.253125 0.73359375 0.01015625 0.01484375
11 0.2015625 0.7453125 0.00859375 0.059375
11 0.25859375 0.74609375 0.0078125 0.04453125
11 0.521875 0.7484375 0.01171875 0.05546875
1 0.596875 0.03359375 0.1953125 0.0671875