8 0.20625 0.42734375 0.04765625 0.14140625
19 0.80078125 0.5515625 0.065625 0.17421875
15 0.61328125 0.4328125 0.328125 0.57265625
13 0.50703125 0.521875 0.01953125 0.390625
13 0.8140625 0.55234375 0.03828125 0.17265625
13 0.2046875 0.43046875 0.04453125 0.13125
12 0.6421875 0.30625 0.26796875 0.31875
18 0.8109375 0.50859375 0.0375 0.02109375
1 0.79296875 0.478125 0.05078125 0.02421875
5 0.8046875 0.52578125 0.04765625 0.00859375
5 0.21484375 0.38046875 0.01875 0.021875
1 0.215625 0.37578125 0.025 0.0328125
5 0.21171875 0.4 0.0171875 0.02265625
5 0.50078125 0.46328125 0.10390625 0.0140625
5 0.8078125 0.5328125 0.0203125 0.0046875
5 0.79296875 0.4765625 0.0484375 0.01328125
13 0.58984375 0.5484375 0.02578125 0.21875