12 0.70078125 0.57890625 0.10703125 0.06171875
11 0.384375 0.50390625 0.040625 0.88828125
13 0.64375 0.6125 0.01015625 0.24609375
13 0.70625 0.6015625 0.00859375 0.0875
1 0.64609375 0.50078125 0.06953125 0.02578125
5 0.6453125 0.5125 0.06640625 0.0078125
5 0.64375 0.55234375 0.0578125 0.01171875
1 0.70703125 0.565625 0.0328125 0.01953125
5 0.70703125 0.5734375 0.03359375 0.0046875
5 0.70625 0.5953125 0.0421875 0.0078125
12 0.5890625 0.08984375 0.39140625 0.0984375
5 0.37734375 0.4546875 0.06484375 0.01171875
1 0.37734375 0.44375 0.07109375 0.034375
12 0.44453125 0.4890625 0.1 0.0796875