12 0.60078125 0.140625 0.50703125 0.26640625
17 0.33671875 0.6671875 0.06171875 0.090625
8 0.58203125 0.496875 0.54921875 0.98359375
11 0.36484375 0.60078125 0.059375 0.77421875
11 0.31875 0.81171875 0.021875 0.20078125
17 0.303125 0.75390625 0.02578125 0.0359375
17 0.34375 0.74609375 0.02265625 0.06171875
17 0.55859375 0.7375 0.02421875 0.04453125
17 0.5828125 0.70234375 0.0203125 0.03828125
17 0.78515625 0.7390625 0.01171875 0.01875
17 0.753125 0.73515625 0.0171875 0.03046875
17 0.890625 0.728125 0.028125 0.0328125
11 0.88828125 0.66640625 0.05703125 0.29140625
11 0.59921875 0.7515625 0.0296875 0.165625
11 0.5390625 0.7734375 0.0203125 0.14921875
11 0.77421875 0.76171875 0.02578125 0.1109375