1 0.5484375 0.2328125 0.1546875 0.14296875
1 0.278125 0.19765625 0.196875 0.175
13 0.57890625 0.50859375 0.06015625 0.66171875
5 0.55703125 0.21171875 0.13515625 0.01953125
5 0.5640625 0.340625 0.20234375 0.021875
5 0.24609375 0.1890625 0.09765625 0.15234375
18 0.190625 0.26953125 0.16875 0.11875
13 0.19140625 0.36015625 0.109375 0.38515625
5 0.5890625 0.2171875 0.0390625 0.096875
5 0.5 0.5125 0.046875 0.01171875
5 0.49765625 0.55390625 0.040625 0.00546875
13 0.49375 0.57578125 0.01875 0.140625
5 0.221875 0.18125 0.08046875 0.1171875